red          161, -93, 1.333     161, 93, 0.619      146, 200, 0.619
green        146, -200, 1.333    161, -93, 0.619     146, 200, 1.333
blue         -120, -120, 0.800   0, -71, 0.473       0, 71, 0.473
yellow       -120, -120, 0.800   0, 71, 0.473        -120, 120, 0.800
cyan         161, 93, 0.619      -120, 120, 1.333    146, 200, 0.800
magenta      0, 71, 0.619        161, 93, 0.800      -120, 120, 0.473
orange       146, -200, 1.333    161, -93, 0.619     0, -71, 0.473
purple       146, -200, 1.333    -120, -120, 0.473   0, -71, 0.800
lime         161, -93, 0.619     0, 71, 0.619        161, 93, 0.473
teal         161, -93, 0.619     0, -71, 0.473       0, 71, 0.473
salmon       146, -200, 1.333    -120, -120, 1.333   146, 200, 0.800
slate gray   -120, -120, 1.333   -120, 120, 0.800    146, 200, 0.800

0.619   1.333   0.8
1.333   0.8     0.8
